20
415 542 410
20
22 585 19
99 661 543
173 46 12
10 38 73
74 598 77
46 730 935
49 950 123
523 11 17
747 751 281
691 301 34
374 48 608
968 10 924
400 484 906
11 738 36
298 270 12
238 20 136
314 818 666
345 374 77
472 301 517
101 10 129
713 395 742
20
23 71 10
354 698 38
138 691 869
44 11 726
166 974 477
375 331 445
426 182 17
938 288 685
10 371 432
30 808 202
955 279 805
678 408 752
430 62 748
269 19 174
636 317 203
266 296 676
13 582 811
260 812 11
43 805 113
813 492 552
861 695 625
20
10 77 445
958 23 124
398 967 12
23 379 811
714 78 384
59 37 16
13 569 71
113 129 32
688 20 215
158 267 96
823 123 170
353 483 10
964 560 17
75 11 154
21 356 125
10 281 16
760 157 656
13 651 599
888 314 10
474 876 659
686 595 72
20
484 559 115
352 42 892
44 674 953
686 616 366
992 981 409
421 30 197
744 359 16
716 150 327
50 518 235
207 212 177
20 430 588
551 690 970
25 238 408
44 14 140
68 708 337
235 952 283
68 851 120
21 790 505
275 336 987
131 552 16
212 742 882
20
60 808 88
705 10 132
473 456 113
599 186 220
182 932 34
31 10 719
132 843 813
383 223 950
326 68 61
909 564 74
32 175 784
305 20 62
280 193 919
746 96 441
97 209 10
315 989 764
320 37 281
773 852 44
11 920 679
371 540 596
788 804 781
20
447 71 70
274 994 525
577 199 427
543 963 263
438 11 11
484 844 38
54 125 371
123 10 217
797 403 18
41 527 163
487 10 171
16 762 912
10 932 68
694 118 222
759 10 22
670 917 553
107 871 413
119 82 410
614 472 670
230 100 99
291 999 572
20
514 631 123
688 547 135
822 542 52
95 22 100
25 100 384
28 174 413
37 474 15
702 511 465
10 26 742
616 863 74
815 850 707
364 10 563
48 43 225
725 75 62
991 270 100
26 131 867
168 803 59
289 408 23
70 54 234
459 876 640
100 100 100
1
100 100 100
601 522 597
20
107 130 377
48 878 702
250 217 15
102 122 80
271 229 510
72 30 15
422 124 414
784 295 10
550 564 649
359 792 57
95 12 248
112 270 247
446 281 64
11 379 328
918 147 824
187 156 112
114 28 482
16 809 83
19 64 123
701 48 25
771 534 961
20
291 72 444
15 249 256
192 25 311
325 131 10
66 10 67
969 135 19
360 43 129
187 104 756
105 226 694
179 41 837
359 762 422
278 241 278
534 53 29
314 123 740
820 299 60
562 920 100
17 16 211
11 64 16
125 562 929
661 269 546
181 750 819
20
60 10 576
303 39 917
158 159 42
16 499 333
115 959 782
841 229 358
142 10 742
181 750 819
53 588 951
668 160 18
10 66 238
865 416 10
374 107 988
149 926 470
59 223 914
11 564 201
23 24 28
10 359 455
818 159 841
132 963 10
978 383 580
20
58 445 25
462 16 364
44 639 37
22 876 239
437 128 293
540 588 21
304 22 249
310 957 587
29 589 10
99 983 763
96 49 987
119 10 62
654 53 10
151 435 15
13 300 449
399 656 102
10 158 322
215 688 112
10 116 576
207 283 517
292 381 558
20
10 38 218
12 148 673
10 471 330
844 732 240
406 298 322
691 617 121
752 545 241
410 301 823
155 641 273
955 165 121
84 320 64
56 60 93
18 48 239
928 925 34
308 625 182
13 13 701
630 13 212
124 304 913
289 242 458
696 822 421
397 405 835
20
335 775 229
103 640 993
166 43 570
560 10 113
59 73 39
358 11 741
63 342 886
116 284 622
415 788 10
126 100 45
23 606 19
719 107 160
13 328 856
111 51 451
12 32 22
755 620 357
10 685 618
434 49 261
615 10 943
66 535 921
855 390 629
20
387 456 303
689 97 355
440 293 297
33 777 143
148 769 21
729 811 907
17 954 233
761 15 172
102 38 21
22 199 198
614 916 620
42 56 55
603 32 829
139 53 968
689 168 61
14 680 22
952 147 134
307 632 625
290 57 773
10 13 152
524 829 430
20
45 392 93
140 56 30
29 42 621
249 829 584
886 53 26
691 215 765
174 160 477
65 481 367
62 239 741
48 361 10
950 657 395
82 712 883
202 21 249
973 273 110
123 277 871
11 15 67
65 192 182
730 28 717
168 952 720
55 829 760
536 749 776
20
55 10 724
122 264 654
10 980 98
494 242 170
159 814 813
615 278 95
251 298 381
310 43 52
735 913 69
195 29 266
15 324 268
12 831 11
19 148 12
30 323 24
417 186 702
799 890 338
79 615 470
540 62 142
206 132 220
347 15 916
459 394 656
20
42 63 382
96 248 26
81 18 126
17 232 81
683 539 847
642 336 827
449 20 400
50 57 835
23 301 69
564 917 28
647 366 151
532 768 739
812 402 741
139 237 804
55 148 357
173 84 184
284 92 851
646 18 568
318 656 760
313 12 79
197 605 392
20
291 432 777
994 340 355
166 146 272
831 109 693
226 501 21
884 12 632
90 181 105
18 977 431
46 558 526
142 272 660
439 315 284
13 269 254
92 164 320
207 902 232
137 529 535
126 815 388
74 450 917
584 405 150
10 224 589
530 282 795
669 872 698
20
31 186 451
121 759 10
517 497 500
222 271 26
570 347 53
81 160 859
349 182 365
270 845 83
949 430 369
58 658 421
672 117 151
102 968 223
245 365 122
10 25 193
672 34 260
34 39 65
990 163 36
13 394 10
10 166 55
10 504 114